VERTICES:
0: -71.528358 1.092514 -26.389927
1: -109.939102 -349.955750 -26.648924
2: -109.939102 1.092514 -26.389927
3: -71.528358 -349.955750 -26.648924
4: 0.239090 -349.955750 -26.648924
5: 0.239090 1.092514 -26.389927
6: -78.560829 -349.955750 -26.648924
7: -78.560829 1.092514 -26.389927
8: -71.528358 1.092514 -6.636045
9: -71.528358 -349.955750 -6.895042
10: -78.560829 1.092514 -6.636045
11: -78.560829 -349.955750 -6.895042
12: 71.528358 1.092514 -26.389927
13: 109.939102 -349.955750 -26.648924
14: 109.939102 1.092514 -26.389927
15: 71.528358 -349.955750 -26.648924
16: -0.239090 -349.955750 -26.648924
17: -0.239090 1.092514 -26.389927
18: 78.560829 -349.955750 -26.648924
19: 78.560829 1.092514 -26.389927
20: 71.528358 1.092514 -6.636045
21: 71.528358 -349.955750 -6.895042
22: 78.560829 1.092514 -6.636045
23: 78.560829 -349.955750 -6.895042
POLYGONS:
7 1 6 0.0 -0.0007377817528322339 0.9999997615814209 0.0 -0.0007377817528322339 0.9999997615814209 0.0 -0.0007377817528322339 0.9999997615814209 0.587615966796875 0.999969482421875 0.49823760986328125 0.0 0.587615966796875 0.0
5 3 4 0.0 -0.0007377814035862684 0.9999997615814209 0.0 -0.0007377814035862684 0.9999997615814209 0.0 -0.0007377814035862684 0.9999997615814209 0.20442962646484375 0.999969482421875 0.0 0.0 0.20442962646484375 0.0
7 11 10 -1.0 -8.80158257388075e-09 0.0 -1.0 -8.80158257388075e-09 0.0 -1.0 -8.80158257388075e-09 0.0 0.5876197814941406 0.999969482421875 0.6438884735107422 3.0517578125e-05 0.6438884735107422 1.0
8 11 9 0.0 -0.0007377812871709466 0.9999997019767761 0.0 -0.0007377812871709466 0.9999997019767761 0.0 -0.0007377812871709466 0.9999997019767761 0.8527603149414062 0.999969482421875 0.8327255249023438 0.0 0.8527603149414062 0.0
3 11 6 0.0 -1.0 0.0 0.0 -1.0 0.0 0.0 -1.0 0.0 0.8727951049804688 0.11253738403320312 0.8527603149414062 0.1688060760498047 0.8527603149414062 0.11253738403320312
7 8 0 0.0 1.0 0.0 0.0 1.0 0.0 0.0 1.0 0.0 0.8727951049804688 0.1688060760498047 0.8527603149414062 0.22507476806640625 0.8527603149414062 0.1688060760498047
0 9 3 1.0 0.0 0.0 1.0 0.0 0.0 1.0 0.0 0.0 0.7001571655273438 4.1484832763671875e-05 0.7564258575439453 0.9999585747718811 0.7001571655273438 1.0
13 19 18 0.0 -0.0007377817528322339 0.9999997615814209 0.0 -0.0007377817528322339 0.9999997615814209 0.0 -0.0007377817528322339 0.9999997615814209 0.49823760986328125 0.0 0.4088592529296875 0.999969482421875 0.4088592529296875 0.0
15 17 16 0.0 -0.0007377814035862684 0.9999997615814209 0.0 -0.0007377814035862684 0.9999997615814209 0.0 -0.0007377814035862684 0.9999997615814209 0.4088582396507263 0.0 0.20442911982536316 0.999969482421875 0.20442920923233032 0.0
19 23 18 1.0 0.0 0.0 1.0 0.0 0.0 1.0 0.0 0.0 0.7564258575439453 4.1484832763671875e-05 0.8126945495605469 0.9999585747718811 0.7564258575439453 1.0
23 20 21 0.0 -0.0007377812871709466 0.9999997019767761 0.0 -0.0007377812871709466 0.9999997019767761 0.0 -0.0007377812871709466 0.9999997019767761 0.832733154296875 0.0 0.8126983642578125 0.999969482421875 0.8126983642578125 0.0
23 15 18 0.0 -1.0 0.0 0.0 -1.0 0.0 0.0 -1.0 0.0 0.8727951049804688 0.05626869201660156 0.8527603149414062 0.0 0.8727951049804688 0.0
20 19 12 0.0 1.0 0.0 0.0 1.0 0.0 0.0 1.0 0.0 0.8727951049804688 0.11253738403320312 0.8527603149414062 0.05626869201660156 0.8727951049804688 0.05626869201660156
21 12 15 -1.0 -2.2003956434701877e-09 0.0 -1.0 -2.2003956434701877e-09 0.0 -1.0 -2.2003956434701877e-09 0.0 0.7001571655273438 3.0517578125e-05 0.6438884735107422 0.999969482421875 0.6438884735107422 0.0
7 2 1 0.0 -0.0007377814035862684 0.9999997615814209 0.0 -0.0007377814035862684 0.9999997615814209 0.0 -0.0007377814035862684 0.9999997615814209 0.587615966796875 0.999969482421875 0.49823760986328125 0.999969482421875 0.49823760986328125 0.0
5 0 3 0.0 -0.0007377814617939293 0.9999997615814209 0.0 -0.0007377814617939293 0.9999997615814209 0.0 -0.0007377814617939293 0.9999997615814209 0.20442962646484375 0.999969482421875 0.0 0.999969482421875 0.0 0.0
7 6 11 -1.0 0.0 0.0 -1.0 0.0 0.0 -1.0 0.0 0.0 0.5876197814941406 0.999969482421875 0.5876197814941406 0.0 0.6438884735107422 3.0517578125e-05
8 10 11 0.0 -0.0007377812871709466 0.9999997019767761 0.0 -0.0007377812871709466 0.9999997019767761 0.0 -0.0007377812871709466 0.9999997019767761 0.8527603149414062 0.999969482421875 0.8327255249023438 0.999969482421875 0.8327255249023438 0.0
3 9 11 0.0 -1.0 0.0 0.0 -1.0 0.0 0.0 -1.0 0.0 0.8727951049804688 0.11253738403320312 0.8727951049804688 0.1688060760498047 0.8527603149414062 0.1688060760498047
7 10 8 0.0 1.0 0.0 0.0 1.0 0.0 0.0 1.0 0.0 0.8727951049804688 0.1688060760498047 0.8727951049804688 0.22507476806640625 0.8527603149414062 0.22507476806640625
0 8 9 1.0 2.2003956434701877e-09 0.0 1.0 2.2003956434701877e-09 0.0 1.0 2.2003956434701877e-09 0.0 0.7001571655273438 4.1484832763671875e-05 0.7564258575439453 0.0 0.7564258575439453 0.9999585747718811
13 14 19 0.0 -0.0007377814035862684 0.9999997615814209 0.0 -0.0007377814035862684 0.9999997615814209 0.0 -0.0007377814035862684 0.9999997615814209 0.49823760986328125 0.0 0.49823760986328125 0.999969482421875 0.4088592529296875 0.999969482421875
15 12 17 0.0 -0.0007377814617939293 0.9999997615814209 0.0 -0.0007377814617939293 0.9999997615814209 0.0 -0.0007377814617939293 0.9999997615814209 0.4088582396507263 0.0 0.40885812044143677 0.999969482421875 0.20442911982536316 0.999969482421875
19 22 23 1.0 -8.80158257388075e-09 0.0 1.0 -8.80158257388075e-09 0.0 1.0 -8.80158257388075e-09 0.0 0.7564258575439453 4.1484832763671875e-05 0.8126945495605469 0.0 0.8126945495605469 0.9999585747718811
23 22 20 0.0 -0.0007377812871709466 0.9999997019767761 0.0 -0.0007377812871709466 0.9999997019767761 0.0 -0.0007377812871709466 0.9999997019767761 0.832733154296875 0.0 0.832733154296875 0.999969482421875 0.8126983642578125 0.999969482421875
23 21 15 0.0 -1.0 0.0 0.0 -1.0 0.0 0.0 -1.0 0.0 0.8727951049804688 0.05626869201660156 0.8527603149414062 0.05626869201660156 0.8527603149414062 0.0
20 22 19 0.0 1.0 0.0 0.0 1.0 0.0 0.0 1.0 0.0 0.8727951049804688 0.11253738403320312 0.8527603149414062 0.11253738403320312 0.8527603149414062 0.05626869201660156
21 20 12 -1.0 0.0 0.0 -1.0 0.0 0.0 -1.0 0.0 0.0 0.7001571655273438 3.0517578125e-05 0.7001571655273438 1.0 0.6438884735107422 0.999969482421875
RIG:
Vertex 0 Bone Corr: 1.0
Vertex 1 Bone Corr: 1.0
Vertex 2 Bone Corr: 1.0
Vertex 3 Bone Corr: 1.0
Vertex 4 Bone Corr: 1.0
Vertex 5 Bone Corr: 1.0
Vertex 6 Bone Corr: 1.0
Vertex 7 Bone Corr: 1.0
Vertex 8 Bone Corr: 1.0
Vertex 9 Bone Corr: 1.0
Vertex 10 Bone Corr: 1.0
Vertex 11 Bone Corr: 1.0
Vertex 12 Bone Corr: 1.0
Vertex 13 Bone Corr: 1.0
Vertex 14 Bone Corr: 1.0
Vertex 15 Bone Corr: 1.0
Vertex 16 Bone Corr: 1.0
Vertex 17 Bone Corr: 1.0
Vertex 18 Bone Corr: 1.0
Vertex 19 Bone Corr: 1.0
Vertex 20 Bone Corr: 1.0
Vertex 21 Bone Corr: 1.0
Vertex 22 Bone Corr: 1.0
Vertex 23 Bone Corr: 1.0
ANIMATION:
Frame 1
Bone Corr
<Matrix 4x4 (1.0000, 0.0000, 0.0000, 0.0000)
            (0.0000, 1.0000, 0.0000, 0.0000)
            (0.0000, 0.0000, 1.0000, 0.0000)
            (0.0000, 0.0000, 0.0000, 1.0000)>
Frame 2
Bone Corr
<Matrix 4x4 (1.0000, 0.0000, 0.0000, 0.0000)
            (0.0000, 1.0000, 0.0000, 0.0000)
            (0.0000, 0.0000, 1.0000, 0.0000)
            (0.0000, 0.0000, 0.0000, 1.0000)>
Frame 3
Bone Corr
<Matrix 4x4 (1.0000, 0.0000, 0.0000, 0.0000)
            (0.0000, 1.0000, 0.0000, 0.0000)
            (0.0000, 0.0000, 1.0000, 0.0000)
            (0.0000, 0.0000, 0.0000, 1.0000)>
Frame 4
Bone Corr
<Matrix 4x4 (1.0000, 0.0000, 0.0000, 0.0000)
            (0.0000, 1.0000, 0.0000, 0.0000)
            (0.0000, 0.0000, 1.0000, 0.0000)
            (0.0000, 0.0000, 0.0000, 1.0000)>
Frame 5
Bone Corr
<Matrix 4x4 (1.0000, 0.0000, 0.0000, 0.0000)
            (0.0000, 1.0000, 0.0000, 0.0000)
            (0.0000, 0.0000, 1.0000, 0.0000)
            (0.0000, 0.0000, 0.0000, 1.0000)>
Frame 6
Bone Corr
<Matrix 4x4 (1.0000, 0.0000, 0.0000, 0.0000)
            (0.0000, 1.0000, 0.0000, 0.0000)
            (0.0000, 0.0000, 1.0000, 0.0000)
            (0.0000, 0.0000, 0.0000, 1.0000)>
Frame 7
Bone Corr
<Matrix 4x4 (1.0000, 0.0000, 0.0000, 0.0000)
            (0.0000, 1.0000, 0.0000, 0.0000)
            (0.0000, 0.0000, 1.0000, 0.0000)
            (0.0000, 0.0000, 0.0000, 1.0000)>
Frame 8
Bone Corr
<Matrix 4x4 (1.0000, 0.0000, 0.0000, 0.0000)
            (0.0000, 1.0000, 0.0000, 0.0000)
            (0.0000, 0.0000, 1.0000, 0.0000)
            (0.0000, 0.0000, 0.0000, 1.0000)>
Frame 9
Bone Corr
<Matrix 4x4 (1.0000, 0.0000, 0.0000, 0.0000)
            (0.0000, 1.0000, 0.0000, 0.0000)
            (0.0000, 0.0000, 1.0000, 0.0000)
            (0.0000, 0.0000, 0.0000, 1.0000)>
Frame 10
Bone Corr
<Matrix 4x4 (1.0000, 0.0000, 0.0000, 0.0000)
            (0.0000, 1.0000, 0.0000, 0.0000)
            (0.0000, 0.0000, 1.0000, 0.0000)
            (0.0000, 0.0000, 0.0000, 1.0000)>
